Q1:
. | 31 | 41 | 53 | 93 | . | 26 | 97 | 58 | 59

Q2:

. | 41 | 31 | 53 | 93 | . | 26 | 97 | 58 | 59

Q3:
2, 3, 4, 5

Q4:
7, 8, 9, 0

Q5:
.  | 31 | T  | T  | 93 | .  | 26 | 97 | 58 | 59

Q6:
106 | 31 | 107 | 110 | 93 | .  | 26 | 97 | 58 | 59

Q7:
108 (2) | 151 (0) | 221 (1) | 103 (0) | . (-) | 145 (0) | 245 (1) | 246 (1) | 106 (2) | 107 (2)

Q8:
swap 246, 106
108 (2) | 151 (0) | 221 (1) | 103 (0) | . (-) | 145 (0) | 245 (1) | 106 (1) | 246 (2) | 107 (2)

Q9:
5, 6, 7

Q10:
0

Q11:
108 (2) | 221 (0) |  . (-) | 103 (0) | . (-) | 145 (0) | 245 (1) | 246 (1) | 106 (2) | 107 (2)

Q12:
  . (-) | 221 (0) |  . (-) | 103 (0) | . (-) | 245 (0) | 246 (0) | 106 (1) | 107 (1) | 108 (1)




Q13:




Q14:




Q15:




Q16:




Q17:




Q18:





